time,pm10 standard,pm25 standard,pm100 standard,pm10 env,pm25 env,pm100 env,03um,05um,10um,25um,50um,100um,temp,gas,humidity,pressure,altitude
1772065335.0204232,0,0,0,0,0,0,144,35,5,1,0,0,35.43546875,59566,100,680.4278169050144,3235.066126130401
1772065337.0334811,0,0,0,0,0,0,132,32,4,1,0,0,23.1067578125,19586,50.70527332482368,1008.3536271740044,40.845637541005374
1772065339.04573,0,0,0,0,0,0,132,32,4,1,0,0,23.105390625,27127,50.647728839780214,1008.3582030436457,40.80739064831575
1772065341.058653,0,0,0,0,0,0,132,32,4,1,0,0,23.0923046875,33155,50.79908347877739,1008.3586215880284,40.803892299094535
1772065343.0716033,0,0,0,0,0,0,108,24,4,1,0,0,23.060859375,38179,51.15898969555527,1008.3609299161812,40.78459845718183
1772065345.084455,0,0,0,0,0,0,108,24,4,1,0,0,23.0106640625,42413,51.52996560304723,1008.3678971018722,40.72636441514697
1772065347.0974505,0,0,0,0,0,0,108,24,4,1,0,0,22.9489453125,46387,51.8552483855091,1008.3727296596408,40.68597249055543
1772065349.1105196,0,0,0,0,0,0,96,23,4,1,0,0,22.874140625,49675,52.19863444798473,1008.3745197275017,40.671010622067065
1772065351.123474,0,0,0,0,0,0,96,23,4,1,0,0,22.7899609375,52531,52.5606894204431,1008.3880366273683,40.55803343291524
1772065353.1366692,0,0,0,0,0,0,96,23,4,1,0,0,22.69015625,55441,52.914883761492725,1008.3993788352761,40.46323373832576
1772065355.1496303,0,0,0,0,0,0,93,20,5,1,0,0,22.57609375,58327,53.31949019750192,1008.3919578968602,40.525258839042806
1772065357.1609044,0,0,0,0,0,0,93,20,5,1,0,0,22.4565625,60597,53.73710461946292,1008.3907539695157,40.53532144422813
1772065359.1726558,0,0,0,0,0,0,93,20,5,1,0,0,22.328828125,63241,54.16743362802389,1008.3928916723909,40.517454209904365
1772065361.1856284,0,0,0,0,0,0,108,25,5,1,0,0,22.1887890625,65508,54.53846468047138,1008.3846363236291,40.58645379573172
1772065363.198627,0,0,0,0,0,0,108,25,5,1,0,0,22.0440625,67834,54.857396679121294,1008.377012676314,40.650173921427374
1772065365.211611,0,0,0,0,0,0,108,25,5,1,0,0,21.8864453125,69980,55.14896233208919,1008.376822674946,40.65176199975045
1772065367.2245631,0,0,0,0,0,0,102,23,6,1,0,0,21.719453125,72204,55.42657379427355,1008.3676677428576,40.728281468449055
1772065369.2375567,0,0,0,0,0,0,102,23,6,1,0,0,21.54875,74244,55.71708666422752,1008.3761368272353,40.657494486184056
1772065371.2505004,0,0,0,0,0,0,102,23,6,1,0,0,21.3774609375,75784,56.08644942497705,1008.3800680343843,40.624636517965236
1772065373.2635038,0,0,0,0,0,0,93,25,6,1,0,0,21.20734375,77460,56.522186813097214,1008.3755673560971,40.662254270558115
1772065375.276466,0,0,0,0,0,0,93,25,6,1,0,0,21.04328125,79361,56.959609468475904,1008.3759586000141,40.65898415432042
1772065377.2889817,0,0,0,0,0,0,93,25,6,1,0,0,20.888984375,81516,57.39923978057806,1008.3703757166772,40.705647411501864
1772065379.3009844,0,0,0,0,0,0,81,21,2,0,0,0,20.7458203125,83210,57.83468164420009,1008.3765188752782,40.65430123284851
1772065381.3131604,0,0,0,0,0,0,81,21,2,0,0,0,20.6149609375,84465,58.2131461375176,1008.3758596012766,40.65981161086914
1772065383.3261456,0,0,0,0,0,0,81,21,2,0,0,0,20.521015625,86197,58.69683892616465,1008.3755231436445,40.66262380955757
1772065385.3391385,0,0,0,0,0,0,51,15,3,0,0,0,20.456171875,87452,59.19901340040685,1008.3744120383715,40.671910716165584
1772065387.3521705,0,0,0,0,0,0,51,15,3,0,0,0,20.4161328125,88838,59.65925768556184,1008.3670528325241,40.73342108020555
1772065389.3651147,0,0,0,0,0,0,51,15,3,0,0,0,20.3989453125,89883,60.050326605695204,1008.3689753410006,40.717352165049846
1772065391.3780632,0,0,0,0,0,0,81,23,7,0,0,0,20.4005078125,91052,60.3712528913575,1008.3664710038803,40.738284187250464
1772065393.3910728,0,0,0,0,0,0,81,23,7,0,0,0,20.4192578125,92555,60.56793498593255,1008.375711267903,40.6610514189383
1772065395.404066,0,0,0,0,0,0,81,23,7,0,0,0,20.455,94321,60.67346439178954,1008.3792806657813,40.631217524486225
1772065397.4157708,0,0,0,0,0,0,93,27,8,0,0,0,20.5005078125,95391,60.753652823826044,1008.3770110546675,40.650187475550425
1772065399.4275746,0,0,0,0,0,0,93,27,8,0,0,0,20.55421875,95255,60.73453330607707,1008.376527572549,40.65422853889204
1772065401.439303,0,0,0,0,0,0,93,27,8,0,0,0,20.6173046875,96624,60.703359030303986,1008.3900437163237,40.54125785141995
1772065403.451923,0,0,0,0,0,0,105,31,9,0,0,0,20.6856640625,98089,60.6260585584596,1008.3850413484762,40.583068519646176
1772065405.464926,0,0,0,0,0,0,105,31,9,0,0,0,20.75890625,98897,60.556175894410856,1008.372820088528,40.685216661089136
1772065407.4778664,0,0,0,0,0,0,105,31,9,0,0,0,20.83546875,100313,60.426554316683294,1008.3644292272031,40.75535001772221
1772065409.4905553,0,0,0,0,0,0,123,37,9,0,0,0,20.914765625,101280,60.29070548271595,1008.36401359958,40.758823971380345
1772065411.5035398,0,0,0,0,0,0,123,37,9,0,0,0,20.9940625,102204,60.12820109439551,1008.3652798525833,40.74824021201266
1772065413.5165968,0,0,0,0,0,0,123,37,9,0,0,0,21.072578125,103781,59.9790542430933,1008.373759827075,40.67736207152669
1772065415.5294461,0,0,0,0,0,0,123,39,8,0,0,0,21.150703125,105872,59.79657956182817,1008.3644560462927,40.755125854907476
1772065417.5412111,0,0,0,0,0,0,123,39,8,0,0,0,21.2262890625,106678,59.64055901090565,1008.3662631121307,40.74002181252002
1772065419.554243,0,0,0,0,0,0,123,39,8,0,0,0,21.3005078125,107154,59.47112251513552,1008.3657542399219,40.74427512927461
1772065421.5672786,0,0,0,0,0,0,303,42,9,0,0,0,21.3723828125,109030,59.274849625220305,1008.3595827948161,40.795858180630965
1772065423.5802255,0,0,0,0,0,0,303,42,9,0,0,0,21.442109375,110609,59.08509423331729,1008.3600544091503,40.79191625751944
1772065425.5932047,0,0,0,0,0,0,303,42,9,0,0,0,21.51125,110974,58.902060536938556,1008.3578115646523,40.810662776033766
1772065427.606181,0,0,0,0,0,0,312,45,8,0,0,0,21.5794140625,111934,58.71903721747681,1008.3727376367044,40.68590581606834
1772065429.6191769,0,0,0,0,0,0,312,45,8,0,0,0,21.6438671875,113445,58.54227449312418,1008.3831418815162,40.59894464178411
1772065431.632151,0,0,0,0,0,0,312,45,8,0,0,0,21.7044140625,114683,58.35184592055502,1008.385275154694,40.58111432250903
1772065433.6451535,0,0,0,0,0,0,321,48,8,0,0,0,21.7610546875,115629,58.1875237596434,1008.3757142888292,40.66102616926767
1772065435.656979,0,0,0,0,0,0,321,48,8,0,0,0,21.8157421875,116592,58.03628529962466,1008.3748514881103,40.66823768005966
1772065437.669714,0,0,0,0,0,0,321,48,8,0,0,0,21.86828125,117406,57.87162242015767,1008.3720897123188,40.691321347557746
1772065439.6814363,0,0,0,0,0,0,324,49,8,0,0,0,21.917109375,118481,57.726389208180635,1008.378512798556,40.63763553804595
1772065441.6931465,0,0,0,0,0,0,324,49,8,0,0,0,21.9628125,118231,57.574212269600665,1008.3796936120049,40.62776602516203
1772065443.7049367,0,0,0,0,0,0,324,49,8,0,0,0,22.00734375,119747,57.45497470616834,1008.389178963484,40.54848559538365
1772065445.7182136,0,0,0,0,0,0,333,52,8,0,0,0,22.049140625,121215,57.34861350123778,1008.3975041151418,40.47890284103468
1772065447.7312703,0,0,0,0,0,0,333,52,8,0,0,0,22.0887890625,122273,57.24859772659168,1008.3987998589125,40.46807287949443
1772065449.744236,0,0,0,0,0,0,333,52,8,0,0,0,22.1258984375,123530,57.15486475872564,1008.4044027097693,40.42124379755078
1772065451.7572422,0,0,0,0,0,0,303,44,4,0,0,0,22.160859375,124353,57.06087318993463,1008.4064033453507,40.40452237412314
1772065453.7689433,0,0,0,0,0,0,303,44,4,0,0,0,22.19328125,125279,57.00608172804,1008.4110007549991,40.36609707043872
1772065455.7809453,0,0,0,0,0,0,303,44,4,0,0,0,22.225703125,125842,56.92496720906918,1008.4104542973415,40.37066437440146
1772065457.7936287,0,0,0,0,0,0,333,51,4,1,0,0,22.258125,126791,56.903119589229426,1008.4201828987982,40.28935282987015
1772065459.8061256,0,0,0,0,0,0,333,51,4,1,0,0,22.2915234375,127561,56.88140907130163,1008.4246889063324,40.25169188342435
1772065461.818831,0,0,0,0,0,0,333,51,4,1,0,0,22.3106640625,129228,56.79850092730083,1008.431026807889,40.19872030489322
1772065463.8318036,0,0,0,0,0,0,348,55,4,1,0,0,22.320234375,130329,56.68799742751011,1008.4196308356491,40.29396695063203
1772065465.8447752,0,1,1,0,1,1,348,55,4,1,0,0,22.321796875,131656,56.550163594181626,1008.415392324106,40.32939232135505
1772065467.8577847,0,1,1,0,1,1,348,55,4,1,0,0,22.3130078125,131348,56.4766816979609,1008.4212423703018,40.28049781698492
1772065469.8711557,0,0,0,0,0,0,339,52,5,1,0,0,22.3008984375,132278,56.42903970097106,1008.4112536584549,40.363983299009845
1772065471.8841455,0,0,0,0,0,0,339,52,5,1,0,0,22.2846875,133433,56.39397854925477,1008.4063928165347,40.40461037448101
1772065473.895863,0,0,0,0,0,0,339,52,5,1,0,0,22.268671875,134500,56.378646754795014,1008.4189912556762,40.29931253590959
1772065475.907612,0,0,0,0,0,0,333,50,5,1,0,0,22.251875,135149,56.36320971024173,1008.4217137198689,40.27655830194266
1772065477.9193654,0,0,0,0,0,0,333,50,5,1,0,0,22.2321484375,136023,56.393325084527255,1008.4212437276378,40.28048647243734
1772065479.9323869,0,0,0,0,0,0,333,50,5,1,0,0,22.2024609375,136798,56.44177521785905,1008.4212286354971,40.28061261178647
1772065481.9454412,0,0,0,0,0,0,147,45,4,1,0,0,22.167890625,136687,56.456725608041815,1008.4233136292398,40.26318635418039
1772065483.9584744,0,0,0,0,0,0,147,45,4,1,0,0,22.1305859375,137920,56.47786902677392,1008.4191022479791,40.29838486623268
1772065485.9715238,0,0,0,0,0,0,147,45,4,1,0,0,22.0880078125,139755,56.45888634079529,1008.4163332138013,40.32152837900933
1772065487.9845045,0,0,0,0,0,0,153,45,4,1,0,0,22.0430859375,139292,56.51182285324904,1008.4079195092859,40.39185020954114
1772065489.9975348,0,0,0,0,0,0,153,45,4,1,0,0,21.996015625,140338,56.55790612370498,1008.4061762724347,40.40642026082607
1772065492.0105317,0,0,0,0,0,0,153,45,4,1,0,0,21.945625,141400,56.62982535635766,1008.4022884957939,40.43891454470456
1772065494.0228326,0,0,0,0,0,0,138,40,4,1,0,0,21.89953125,142238,56.73522725674208,1008.4004484832942,40.45429352130524
1772065496.0357523,0,0,0,0,0,0,138,40,4,1,0,0,21.8571484375,142721,56.83461144669188,1008.4048138763335,40.41780724235256
1772065498.048755,0,0,0,0,0,0,138,40,4,1,0,0,21.8028515625,144066,56.958721311744014,1008.3977780217703,40.47661349993528
1772065500.0617726,0,0,0,0,0,0,135,39,4,1,0,0,21.763203125,144437,57.038828126128834,1008.3912964418464,40.530787377979046
1772065502.0747428,0,0,0,0,0,0,135,39,4,1,0,0,21.7251171875,144686,57.15870093634573,1008.3874256758572,40.563139872071105
1772065504.0877185,0,0,0,0,0,0,135,39,4,1,0,0,21.6911328125,145437,57.279206715859864,1008.3835716613684,40.59535245429415
1772065506.1006966,0,0,0,0,0,0,117,33,3,1,0,0,21.6645703125,145942,57.42059515826551,1008.383585986472,40.59523272218381
1772065508.1138015,0,0,0,0,0,0,117,33,3,1,0,0,21.6360546875,147220,57.542006635753935,1008.3854605488389,40.57956476300807
1772065510.126767,0,0,0,0,0,0,117,33,3,1,0,0,21.616328125,147349,57.605280114834464,1008.3883612121843,40.55532049749736
1772065512.139934,0,0,0,0,0,0,132,38,3,1,0,0,21.59875,148915,57.68868374463895,1008.3845895667191,40.586844599111245
1772065514.1532874,0,0,0,0,0,0,132,38,3,1,0,0,21.586640625,150650,57.746452311827056,1008.3882662276542,40.55611439437491
1772065516.1662407,0,0,0,0,0,0,132,38,3,1,0,0,21.576875,149312,57.7847379805066,1008.3873108186845,40.56409986861278
1772065518.17929,0,0,0,0,0,0,99,30,2,0,0,0,21.5628125,150380,57.81582354411638,1008.3825798715916,40.603642037008115
1772065520.1922498,0,0,0,0,0,0,99,30,2,0,0,0,21.547578125,150380,57.86658063941081,1008.3844422169254,40.58807617753512
1772065522.205248,0,0,0,0,0,0,99,30,2,0,0,0,21.53546875,151464,57.904560982268556,1008.3864044424607,40.5716755242954
1772065524.2182577,0,0,0,0,0,0,90,28,2,0,0,0,21.52453125,151737,57.95593735715349,1008.3903291521287,40.538872133938625
1772065526.2312531,0,0,0,0,0,0,90,28,2,0,0,0,21.50578125,152425,57.97977913791667,1008.3931441124485,40.51534428088654
1772065528.243799,0,0,0,0,0,0,90,28,2,0,0,0,21.4930859375,153399,58.004467194571376,1008.3924108753434,40.52147277950955
1772065530.2568126,0,0,0,0,0,0,99,31,1,0,0,0,21.4723828125,154102,58.05450483909138,1008.3868171329958,40.56822618180661
1772065532.269208,0,0,0,0,0,0,99,31,1,0,0,0,21.4536328125,155097,58.071739508187406,1008.3810717535403,40.61624721017047
1772065534.2821376,0,0,0,0,0,0,99,31,1,0,0,0,21.438984375,154385,58.09616479871922,1008.3821969747812,40.60684236897983
1772065536.2939007,0,0,0,0,0,0,129,38,1,0,0,0,21.4223828125,155097,58.10708423981153,1008.3817599197343,40.61049536806879
1772065538.305648,0,0,0,0,0,0,129,38,1,0,0,0,21.4091015625,156979,58.15817939496277,1008.3868847828818,40.5676607518765
1772065540.3184025,0,0,0,0,0,0,129,38,1,0,0,0,21.3969921875,157126,58.18958828616689,1008.3751508994593,40.665735122268394
1772065542.33142,0,0,0,0,0,0,126,37,1,0,0,0,21.376875,158012,58.246369942581715,1008.3773753090395,40.64714294829443
1772065544.3444598,0,0,0,0,0,0,126,37,1,0,0,0,21.3602734375,157716,58.30365738609437,1008.3683792058017,40.72233484312544
1772065546.3574722,0,0,0,0,0,0,126,37,1,0,0,0,21.34640625,158908,58.32821619901731,1008.3656748423376,40.74493875984859
1772065548.3704686,0,0,0,0,0,0,117,36,1,0,0,0,21.3372265625,159059,58.406443594392826,1008.3622697463225,40.773399688481895
1772065550.3831735,0,0,0,0,0,0,117,36,1,0,0,0,21.32375,160119,58.43769622549732,1008.36021871889,40.79054289766111
1772065552.3960452,0,0,0,0,0,0,117,36,1,0,0,0,21.3161328125,161970,58.46977344747307,1008.359431037382,40.7971266244444
1772065554.4089801,0,0,0,0,0,0,123,38,2,0,0,0,21.305390625,161503,58.488157831060455,1008.3653822440126,40.74738439122076
1772065556.420948,0,0,0,0,0,0,123,38,2,0,0,0,21.288984375,161659,58.505750446340585,1008.3652631185173,40.748380080778134
1772065558.4334724,0,0,0,0,0,0,123,38,2,0,0,0,21.2659375,161970,58.54893867375206,1008.369411180658,40.71370928704328
1772065560.4464774,0,0,0,0,0,0,132,41,2,0,0,0,21.2438671875,162440,58.57900648424133,1008.3666399944475,40.736871710632734
1772065562.4595392,0,0,0,0,0,0,132,41,2,0,0,0,21.21515625,162912,58.62141424316661,1008.3630017637875,40.76728123569957
1772065564.4725065,0,0,0,0,0,0,132,41,2,0,0,0,21.1923046875,162912,58.66465090114519,1008.3554958144514,40.83001870263534
1772065566.4855447,0,0,0,0,0,0,150,47,2,0,0,0,21.1696484375,164024,58.72119578677253,1008.35173623048,40.8614428212067
1772065568.4984975,0,0,0,0,0,0,150,47,2,0,0,0,21.146796875,165315,58.75781316558212,1008.3493576593183,40.88132392692977
1772065570.5110784,0,0,0,0,0,0,150,47,2,0,0,0,21.116328125,165804,58.83320348663713,1008.3444725995975,40.922155445278904
1772065572.5240495,0,0,0,0,0,0,141,44,2,0,0,0,21.086640625,164345,58.888802423783766,1008.3494442529181,40.880600140262246
1772065574.5370166,0,0,0,0,0,0,141,44,2,0,0,0,21.0579296875,167455,58.984416143782965,1008.3440774615651,40.92545819303448
1772065576.549994,0,0,0,0,0,0,141,44,2,0,0,0,21.0219921875,166791,59.0458188424347,1008.3419852237698,40.942946108684154
1772065578.5630713,0,0,0,0,0,0,150,47,2,0,0,0,20.9876171875,167957,59.10745730532576,1008.3544761004592,40.83854187392015
1772065580.576111,0,0,0,0,0,0,150,47,2,0,0,0,20.9520703125,167455,59.18224773445702,1008.3667058329828,40.73632141138255
1772065582.5891013,0,0,0,0,0,0,150,47,2,0,0,0,20.9204296875,168293,59.25761267894023,1008.3683793698125,40.72233347227254
1772065584.6020885,0,0,0,0,0,0,156,47,2,0,0,0,20.88703125,167789,59.332754622268965,1008.3705208000989,40.70443476215984
1772065586.6151042,0,0,0,0,0,0,156,47,2,0,0,0,20.8591015625,170167,59.395377867435684,1008.3766965837666,40.65281590107653
1772065588.6281137,0,0,0,0,0,0,156,47,2,0,0,0,20.8282421875,170512,59.48424262082537,1008.37795659574,40.64228441352185
1772065590.6412601,0,0,0,0,0,0,156,44,2,0,0,0,20.801875,170859,59.5537900450164,1008.3713588513243,40.69743008958287
1772065592.6542273,0,0,0,0,0,0,156,44,2,0,0,0,20.77453125,170512,59.6098927472536,1008.3733774877966,40.680557766162266
1772065594.6672595,0,0,0,0,0,0,156,44,2,0,0,0,20.7544140625,171556,59.640370349104685,1008.3755441254666,40.662448438115085
1772065596.6789935,0,0,1,0,0,1,156,44,6,1,1,1,20.7403515625,171381,59.71837280689249,1008.3724772930577,40.68808184004282
1772065598.6907551,0,0,1,0,0,1,156,44,6,1,1,1,20.7247265625,173146,59.7761745170154,1008.3753360622441,40.66418748393605
1772065600.7037158,0,0,1,0,0,1,156,44,6,1,1,1,20.7169140625,173146,59.821756644073666,1008.3776196009223,40.645101097404414
1772065602.7167327,0,0,1,0,0,1,156,44,6,1,1,1,20.7175,172259,59.921922537283166,1008.3768928479778,40.65117547620567
1772065604.7297428,0,0,1,0,0,1,156,44,6,1,1,1,20.7110546875,174948,59.98108180688728,1008.3695040828659,40.712932782811755
1772065606.743028,0,0,1,0,0,1,156,44,6,1,1,1,20.7083203125,173683,60.0007221402674,1008.3768836306103,40.65125251724089
1772065608.7552094,0,0,1,0,0,1,165,47,7,1,1,1,20.688203125,174223,59.97116395985161,1008.3739165653404,40.67605201118498
1772065610.7681243,0,0,1,0,0,1,165,47,7,1,1,1,20.659296875,176232,59.92034458397906,1008.3801371240639,40.62405905084847
1772065612.7808073,0,0,1,0,0,1,165,47,7,1,1,1,20.624140625,176417,59.88867257215292,1008.3809995557843,40.616850654835744
1772065614.7938683,0,0,1,0,0,1,165,45,6,1,1,1,20.5743359375,177160,59.881620688228764,1008.3777972395147,40.64361635115249
1772065616.8069072,0,0,1,0,0,1,165,45,6,1,1,1,20.5153515625,178099,59.93999353871906,1008.3762760254742,40.65633103228901
1772065618.819874,0,0,1,0,0,1,165,45,6,1,1,1,20.45265625,178099,60.03123061884255,1008.3787666822309,40.635513518574776
1772065620.8329382,0,1,2,0,1,2,180,48,9,2,1,1,20.37921875,178099,60.14769442295729,1008.3820125024743,40.60838422761913
1772065622.845895,0,1,2,0,1,2,180,48,9,2,1,1,20.299921875,179238,60.33021913602606,1008.3788206026994,40.63506283866934
1772065624.8590214,0,1,2,0,1,2,180,48,9,2,1,1,20.212421875,176602,60.464896743708564,1008.3806262409431,40.6199709026419
1772065626.8720636,0,1,1,0,1,1,165,43,9,2,1,1,20.12296875,179238,60.63283738070524,1008.3774126476358,40.646830863213154
1772065628.8852708,0,1,1,0,1,1,165,43,9,2,1,1,20.0313671875,178099,60.813989435631136,1008.3739741164559,40.67557098361419
1772065630.8982234,0,1,1,0,1,1,165,43,9,2,1,1,19.9364453125,179621,61.02162741007196,1008.381998848722,40.60849834858711
1772065632.9112616,0,1,2,0,1,2,174,44,10,2,1,1,19.8387890625,181169,61.222348972510574,1008.3751504088706,40.66573922273467
1772065634.9242163,0,1,2,0,1,2,174,44,10,2,1,1,19.74171875,178477,61.430044375351144,1008.3760718187447,40.658037843545245
1772065636.937185,0,1,2,0,1,2,174,44,10,2,1,1,19.64015625,180585,61.610387515161854,1008.3642907751713,40.75650724564167
1772065638.9501815,0,1,2,0,1,2,156,38,10,2,1,1,19.542109375,181169,61.8182873712167,1008.3566638959426,40.820255425917175
1772065640.963279,0,1,2,0,1,2,156,38,10,2,1,1,19.4425,181169,62.026147879697575,1008.346373133448,40.906269912612345
1772065642.9762855,0,1,2,0,1,2,156,38,10,2,1,1,19.3473828125,182546,62.24158173279908,1008.3384681094576,40.97234388415953
1772065644.9892833,0,1,1,0,1,1,141,35,9,2,1,1,19.255390625,183743,62.437421349129394,1008.3289519001505,41.05188546959735
1772065647.001633,0,1,1,0,1,1,141,35,9,2,1,1,19.1766796875,183143,62.67587045160923,1008.321245328293,41.116301579298636
1772065649.0145457,0,1,1,0,1,1,141,35,9,2,1,1,19.0993359375,183944,62.860673625833314,1008.3141045895998,41.17598847479759
1772065651.0275724,0,1,1,0,1,1,135,35,9,2,1,1,19.021796875,184146,63.0861990363849,1008.3236584175539,41.09613150163121
1772065653.0400782,0,1,1,0,1,1,135,35,9,2,1,1,18.9469921875,184956,63.28524667993529,1008.3258450716726,41.07785414128883
1772065655.0518024,0,1,1,0,1,1,135,35,9,2,1,1,18.880390625,183944,63.560254781497534,1008.3247445867731,41.08705264694875
1772065657.0635135,0,0,0,0,0,0,126,31,5,1,0,0,18.824140625,183944,63.769209827481774,1008.3307918261472,41.03650633309328
1772065659.0753026,0,0,0,0,0,0,126,31,5,1,0,0,18.7696484375,185773,63.99220779735292,1008.3329612812188,41.018372836399166
1772065661.0883088,0,0,0,0,0,0,126,31,5,1,0,0,18.7200390625,185160,64.22294638327958,1008.3348024282201,41.002983543608366
1772065663.1013274,0,0,0,0,0,0,135,34,5,1,0,0,18.6723828125,186598,64.41335046320782,1008.3365068853775,40.98873679803086
1772065665.1129727,0,0,0,0,0,0,135,34,5,1,0,0,18.626875,186707,64.61104705408641,1008.33329304963,41.01559973663912
1772065667.126155,0,0,0,0,0,0,135,34,5,1,0,0,18.5856640625,185979,64.80272893013229,1008.332181096516,41.024894044894054
1772065669.1391063,0,0,0,0,0,0,126,29,4,1,0,0,18.5497265625,185867,65.04315333162269,1008.3433317575326,40.93169113758445
1772065671.1508226,0,0,0,0,0,0,126,29,4,1,0,0,18.5153515625,185762,65.3524548827662,1008.3468811981878,40.90202327884992
1772065673.1610403,0,0,0,0,0,0,126,29,4,1,0,0,18.48390625,185979,65.7585451466165,1008.3434260312881,40.93090315305234
